return {
	["Drills"] = {
		["Main"] = {
			["Rusty"] = 0,
			["Steel"] = 100,
			["Golden"] = 1000,
			["Candy"] = 25000,
			["Neon"] = 150000,
			["Cyber"] = 3500000,
			["Diamond"] = 50000000,
			["Lava"] = 250000000,
			["Infinity"] = 1000000000,
			["Quantum"] = 1100000000,
		},
		["Dinosaur"] = {
			["Fossil"] = 2000000000,
			["Volcano"] = 15000000000,
			["Amber"] = 50000000000,
			["Crusher"] = 5500000000,
		},
		["Frozen"] = {
			["Glacier"] = 5e11,
			["Icebreaker"] = 1.5e12,
			["Permafrost"] = 5e12,
			["Maelstrom"] = 5.5e12,
		},
		["Jungle"] = {
			["Vinecutter"] = 1e13,
			["Jungle Beast"] = 2.5e13,
			["Thornspike"] = 5e13,
			["Ravager"] = 6e13,
		},
		["Magic"] = {
			["Spellboun"] = 500e12,
			["Arcane Auger"] = 25e15,
			["Mystic Bore"] = 100e15,
		},
	},
	["Eggs"] = {
		["Main"] = {
			["Beach Egg"] = 100,
			["Oceanic Egg"] = 100000,
			["Lava Egg"] = 10000000,
		},
		["Dinosaur"] = {
			["Fossil Egg"] = 100000000,
			["Jurassic Egg"] = 1e9,
		},
		["Frozen"] = {
			["Glacier Egg"] = 1e11,
			["Blizzard Egg"] = 1e12,
		},
		["Jungle"] = {
			["Tropical Egg"] = 2e12,
			["Jungle Egg"] = 1e13,
		},
		["Magic"] = {
			["Ember Egg"] = 250e12,
			["Enigma Egg"] = 2.5e15,
			["Necromancer Egg"] = 9.9e27,
		},
	},
	["Pets"] = {
		["Beach Egg"] = {
			["Sand Golem"] = "Epic",
			["Crab"] = "Common",
			["Monkey"] = "Uncommon",
			["Seagull"] = "Uncommon",
			["Parrot"] = "Uncommon",
		},
		["Without Egg"] = {
			["Cyber Megalodon"] = "Exclusive",
			["Solar Pheonix"] = "Exclusive",
			["Inferno Rex"] = "Exclusive",
			["Frostbite Leviathan"] = "Exclusive",
			["Jungle King"] = "Exclusive",
			["Obscure Oracle"] = "Exclusive",
		},
		["Lava Egg"] = {
			["Pheonix"] = "Epic",
			["Magma Dragon"] = "Legendary",
			["Fire Ant"] = "Uncommon",
			["Molten Crab"] = "Uncommon",
			["Lava Turtle"] = "Uncommon",
			["Pearl Phantom"] = "Mythic",
		},
		["Oceanic Egg"] = {
			["Stingray"] = "Rare",
			["Clownfish"] = "Common",
			["Electric Eel"] = "Uncommon",
			["Starfish"] = "Common",
			["Megalodon"] = "Epic",
			["Coral Sentinel"] = "Legendary",
		},
		["Fossil Egg"] = {
			["Raptor"] = "Common",
			["Triceratops"] = "Uncommon",
			["Stegosaurus"] = "Uncommon",
			["Parasaur"] = "Rare",
			["Shadow Rex"] = "Epic",
			["Bronto"] = "Legendary",
			["Fossilized Fury"] = "Mythic",
		},
		["Jurassic Egg"] = {
			["Dodo Chick"] = "Common",
			["Pangolin"] = "Uncommon",
			["Sabertooth"] = "Uncommon",
			["Plesiosaur"] = "Rare",
			["Ankylosaur"] = "Epic",
			["Ghost Spino"] = "Legendary",
			["Primal Shade"] = "Mythic",
		},
		["Glacier Egg"] = {
			["Snowy Hare"] = "Common",
			["Chipmunk"] = "Common",
			["Artic Fox"] = "Uncommon",
			["Penguin"] = "Rare",
			["Frozen Wolf"] = "Epic",
			["Aurora Lynx"] = "Legendary",
			["Glaciar Specter"] = "Mythic",
		},
		["Blizzard Egg"] = {
			["Elk"] = "Uncommon",
			["Ice Mole"] = "Common",
			["Aurora Sprite"] = "Exclusive",
			["Storm Serpent"] = "Epic",
			["Mammoth"] = "Legendary",
			["Polar Bear"] = "Rare",
			["Snowy Owl"] = "Common",
		},
		["Jungle Egg"] = {
			["Jaguar"] = "Common",
			["Red Parrot"] = "Uncommon",
			["Panther"] = "Rare",
			["Tiger"] = "Epic",
			["Gorilla"] = "Legendary",
		},
		["Tropical Egg"] = {
			["Leafhopper"] = "Common",
			["Bramble Rat"] = "Common",
			["Gecko"] = "Uncommon",
			["Thorn Turtle"] = "Rare",
			["Scorpion"] = "Epic",
			["Viper"] = "Legendary",
		},
		["Necromancer Egg"] = {
			["Revenant"] = "Common",
			["Forsaken Phantom"] = "Rare",
			["Blighted Wraith"] = "Common",
			["Necro Shade"] = "Legendary",
			["Cursed Banshee"] = "Exclusive",
		},
		["Enigma Egg"] = {
			["Misty Moppet"] = "Common",
			["Fae Fluff"] = "Common",
			["Shimmer Sprite"] = "Uncommon",
			["Radiant Raven"] = "Rare",
			["Magus Manticore"] = "Epic",
			["Arcane Archon"] = "Legendary",
		},
		["Ember Egg"] = {
			["Sparkle Sprout"] = "Common",
			["Twinkle Tot"] = "Common",
			["Gremlin"] = "Uncommon",
			["Chimera"] = "Legendary",
			["Aurora Aesthercat"] = "Rare",
			["Ethereal Elf"] = "Epic",
		},
	},
	["PetRarity"] = {
		["Sand Golem"] = "Epic",
		["Crab"] = "Common",
		["Monkey"] = "Uncommon",
		["Seagull"] = "Uncommon",
		["Parrot"] = "Uncommon",
		["Cyber Megalodon"] = "Exclusive",
		["Solar Pheonix"] = "Exclusive",
		["Inferno Rex"] = "Exclusive",
		["Frostbite Leviathan"] = "Exclusive",
		["Jungle King"] = "Exclusive",
		["Obscure Oracle"] = "Exclusive",
		["Pheonix"] = "Epic",
		["Magma Dragon"] = "Legendary",
		["Fire Ant"] = "Uncommon",
		["Molten Crab"] = "Uncommon",
		["Lava Turtle"] = "Uncommon",
		["Pearl Phantom"] = "Mythic",
		["Stingray"] = "Rare",
		["Clownfish"] = "Common",
		["Electric Eel"] = "Uncommon",
		["Starfish"] = "Common",
		["Megalodon"] = "Epic",
		["Coral Sentinel"] = "Legendary",
		["Raptor"] = "Common",
		["Triceratops"] = "Uncommon",
		["Stegosaurus"] = "Uncommon",
		["Parasaur"] = "Rare",
		["Shadow Rex"] = "Epic",
		["Bronto"] = "Legendary",
		["Fossilized Fury"] = "Mythic",
		["Dodo Chick"] = "Common",
		["Pangolin"] = "Uncommon",
		["Sabertooth"] = "Uncommon",
		["Plesiosaur"] = "Rare",
		["Ankylosaur"] = "Epic",
		["Ghost Spino"] = "Legendary",
		["Primal Shade"] = "Mythic",
		["Leafhopper"] = "Common",
		["Bramble Rat"] = "Common",
		["Gecko"] = "Uncommon",
		["Thorn Turtle"] = "Rare",
		["Scorpion"] = "Epic",
		["Viper"] = "Legendary",
		["Revenant"] = "Common",
		["Forsaken Phantom"] = "Rare",
		["Blighted Wraith"] = "Common",
		["Necro Shade"] = "Legendary",
		["Cursed Banshee"] = "Exclusive",
		["Misty Moppet"] = "Common",
		["Fae Fluff"] = "Common",
		["Shimmer Sprite"] = "Uncommon",
		["Radiant Raven"] = "Rare",
		["Magus Manticore"] = "Epic",
		["Arcane Archon"] = "Legendary",
		["Sparkle Sprout"] = "Common",
		["Twinkle Tot"] = "Common",
		["Gremlin"] = "Uncommon",
		["Chimera"] = "Legendary",
		["Aurora Aesthercat"] = "Rare",
		["Ethereal Elf"] = "Epic",
	},
	["TpOptions"] = {
		["Worlds"] = {
			["Crystal"] = CFrame.new(-675.546692, 9560.87891, -2553.84253, -0.984812498, -3.56267833e-08, -0.173621133, -2.13119495e-08, 1, -8.43129442e-08, 0.173621133, -7.93322386e-08, -0.984812498),
			["Main"] = CFrame.new(-103.572998, 9557.18848, -100.167, -1, 8.60878835e-09, 1.82595824e-14, 8.60878835e-09, 1, 1.91704057e-08, -1.80945482e-14, 1.91704057e-08, -1),
			["Dinosaur"] = CFrame.new(-5056.70801, 9557.18945, -272.729736, -1, -2.53551367e-08, 1.93028187e-14, -2.53551367e-08, 1, -5.64616833e-08, -1.78712246e-14, -5.64616833e-08, -1),
			["Frozen"] = CFrame.new(4339.82715, 9557.08984, 23.2330017, -1, 1.43826249e-08, 1.4369626e-14, 1.43826249e-08, 1, 3.20197557e-08, -1.39090984e-14, 3.20197557e-08, -1),
			["Jungle"] = CFrame.new(9120.82812, 9557.11719, 23.2330017, -1, -2.5036428e-08, 1.09285732e-14, -2.5036428e-08, 1, -5.57379778e-08, -9.53309324e-15, -5.57379778e-08, -1),
			["Magic"] = CFrame.new(14037.3291, 9557.11719, 23.2330017, -1, -2.94674631e-08, 8.09209369e-15, -2.94674631e-08, 1, -6.56017747e-08, -6.15897604e-15, -6.56017747e-08, -1),
		},
		["Eggs"] = {
			["Fossil Egg"] = CFrame.new(-5085.114746, 9558.648438, -246.403320, 0.707134, -0.000000, -0.707079, 0.000000, 1.000000, -0.000000, 0.707079, 0.000000, 0.707134),
			["Ember Egg"] = CFrame.new(14005.965820, 9557.470703, 35.560848, -0.782131, 0.000000, -0.623114, 0.000000, 1.000000, 0.000000, 0.623114, 0.000000, -0.782131),
			["Oceanic Egg"] = CFrame.new(-144.941788, 9557.835938, -105.053246, -0.930146, 0.000000, -0.367189, 0.000000, 1.000000, 0.000000, 0.367189, 0.000000, -0.930146),
			["Necromancer Egg"] = CFrame.new(-145.740067, 9516.242188, -283.361847, -0.173624, 0.000000, -0.984812, 0.000000, 1.000000, 0.000000, 0.984812, 0.000000, -0.173624),
			["Beach Egg"] = CFrame.new(-133.314697, 9557.442383, -88.356262, -0.782131, 0.000000, -0.623114, 0.000000, 1.000000, 0.000000, 0.623114, 0.000000, -0.782131),
			["Blizzard Egg"] = CFrame.new(4297.458008, 9557.835938, 17.646759, -0.930146, 0.000000, -0.367189, 0.000000, 1.000000, 0.000000, 0.367189, 0.000000, -0.930146),
			["Jungle Egg"] = CFrame.new(9076.938477, 9557.865234, 17.364019, -0.930146, 0.000000, -0.367189, 0.000000, 1.000000, 0.000000, 0.367189, 0.000000, -0.930146),
			["Tropical Egg"] = CFrame.new(9088.965820, 9557.470703, 35.560848, -0.782131, 0.000000, -0.623114, 0.000000, 1.000000, 0.000000, 0.623114, 0.000000, -0.782131),
			["Lava Egg"] = CFrame.new(-145.740067, 9558.841797, -124.961853, -0.173624, 0.000000, -0.984812, 0.000000, 1.000000, 0.000000, 0.984812, 0.000000, -0.173624),
			["Jurassic Egg"] = CFrame.new(-5097.270996, 9559.242188, -263.982422, 0.258864, -0.000000, -0.965914, 0.000000, 1.000000, -0.000000, 0.965914, 0.000000, 0.258864),
			["Enigma Egg"] = CFrame.new(13993.938477, 9557.865234, 17.364019, -0.930146, 0.000000, -0.367189, 0.000000, 1.000000, 0.000000, 0.367189, 0.000000, -0.930146),
			["Glacier Egg"] = CFrame.new(4309.185547, 9557.442383, 35.643738, -0.782131, 0.000000, -0.623114, 0.000000, 1.000000, 0.000000, 0.623114, 0.000000, -0.782131),
		},
		["EndZones"] = {
			["Main"] = CFrame.new(-100.107918, 6910.84668, 11.7696962, -0.491832137, 2.122799e-08, -0.870690048, 9.12520459e-09, 1, 1.92260377e-08, 0.870690048, 1.5107583e-09, -0.491832137),
			["Dinosaur"] = CFrame.new(-5054.06055, 6909.84668, -122.855194, 0.828646064, -2.67194071e-08, -0.559772849, 5.97550232e-09, 1, -3.8886899e-08, 0.559772849, 2.88785529e-08, 0.828646064),
			["Frozen"] = CFrame.new(4345.21191, 6910.84668, 145.92926, 0.291371286, -4.214181e-08, -0.956610024, -4.19533741e-09, 1, -4.53311273e-08, 0.956610024, 1.72214918e-08, 0.291371286),
			["Jungle"] = CFrame.new(9119.77637, 6914.2627, 135.310242, -0.0575630032, 7.87019161e-08, -0.998341858, 3.49942653e-08, 1, 7.68149064e-08, 0.998341858, -3.0514542e-08, -0.0575630032),
			["Magic"] = CFrame.new(14037.6133, 6910.84668, 134.587677, -0.229702279, 7.79019658e-08, -0.973260939, 2.3896801e-08, 1, 7.44022657e-08, 0.973260939, -6.16745277e-09, -0.229702279)
		}
	},
}
